-0.122488051652908
0.003070532809943
0.077438466250896
0.093955621123314
-0.007399899419397
-0.183191776275635
-0.009221752174199
0.148031339049339
0.029255140572786
-0.068791240453720
0.025743337348104
-0.025236481800675
0.499885559082031
0.007018467411399
0.008710221387446
0.024814203381538
0.008576390333474
0.172976389527321
-0.102873250842094
0.075026333332062
-0.288402825593948
0.063773617148399
0.027685714885592
-0.011977316811681
-0.027858920395374
-0.063208051025867
-0.003164578229189
-0.066797524690628
0.257396280765533
-0.024622464552522
-0.024510726332664
0.131264060735703
0.015525742433965
0.130600810050964
-0.186621844768524
-0.219481810927391
0.114058338105679
0.001381159527227
0.047222450375557
-0.008806393481791
-0.002954370807856
0.017920378595591
0.072187453508377
0.331907451152802
-0.025115240365267
0.001706190290861
0.016492571681738
0.032040793448687
0.111103624105453
-0.126756966114044
0.185200989246368
0.054955057799816
0.037515699863434
0.102253444492817
-0.212534144520760
-0.201228633522987
0.043089024722576
-0.088962852954865
0.029493844136596
0.142693042755127
0.157497629523277
0.048758711665869
0.042444445192814
-0.548016548156738
-0.240006938576698
-0.068156965076923
-0.071079075336456
0.143381178379059
-0.084085986018181
-0.156755998730659
-0.006348505150527
-0.076838962733746
2.412421941757202
-0.276223719120026
-0.047912769019604
0.102523081004620
0.122106671333313
0.084173090755939
0.120307013392448
0.117667958140373
0.057481691241264
0.088784679770470
-0.014690085314214
-0.054929126054049
0.320343077182770
0.215369567275047
0.013431797735393
0.042467586696148
0.132181331515312
0.749028682708740
0.062646560370922
0.295897692441940
0.246049717068672
-0.150000169873238
0.088344752788544
0.037439372390509
-0.164837837219238
0.084195867180824
0.015066190622747
-0.011949282139540
-0.009631774388254
0.165300726890564
0.109011821448803
0.401914656162262
0.360276877880096
0.152574330568314
-0.162189319729805
-0.055462487041950
0.042509753257036
0.226313933730125
0.232007935643196
0.107848718762398
0.447149395942688
0.113429538905621
-0.349063724279404
0.036734171211720
0.016817405819893
-0.042454481124878
0.083426497876644
0.020119758322835
-0.048006359487772
0.077613331377506
0.070504143834114
-0.094117350876331
-0.042013052850962
0.104651227593422
0.034439090639353
-0.150010615587234
0.112335152924061
-0.021769726648927
0.059359367936850
-0.155497431755066
0.123233072459698
-0.035784032195807
0.105816632509232
0.199856504797935
-0.100515447556973
-0.109506249427795
0.003555112052709
-0.306402683258057
0.344502538442612
0.373953640460968
-0.010181698016822
-0.283281534910202
-0.027630159631371
1.127604484558105
0.239735022187233
0.050320338457823
-0.041955523192883
-0.532914221286774
0.044152863323689
0.878602683544159
-1.536959886550903
-0.170720711350441
-0.058457709848881
-0.007241783663630
-0.268398016691208
0.020862957462668
-0.200652003288269
-0.013240864500403
0.022700440138578
-0.204989299178123
0.083177000284195
0.032015629112720
0.149841099977493
-0.128144636750221
0.181530475616455
0.059220764786005
0.006356858182698
-0.055030126124620
0.086928352713585
0.105405673384666
0.061858672648668
-0.004264554940164
0.104735262691975
0.050203002989292
0.025367964059114
-0.104994401335716
0.110206261277199
0.006827070843428
0.029334269464016
0.024929204955697
-0.020511122420430
0.040063619613647
-1.256447076797485
0.098237022757530
0.142846643924713
-0.087897479534149
-0.091634839773178
0.074512928724289
-0.062627978622913
0.148477062582970
0.094172738492489
0.036591794341803
-0.002212665975094
-0.313470005989075
0.122430108487606
-0.060324568301439
0.129159003496170
-0.083507686853409
0.014063602313399
0.044175896793604
0.148743033409119
-0.149404466152191
0.119668677449226
-0.095218658447266
-0.017013685777783
-0.084313310682774
-0.075575560331345
-0.095323801040649
-0.040963899344206
0.119181200861931
-0.194328337907791
-0.052251785993576
-0.200878471136093
0.030193360522389
0.034035217016935
0.231127560138702
0.205030098557472
0.062844492495060
-0.361994266510010
0.146021887660027
0.128624662756920
0.171574771404266
-0.073603786528111
0.029114346951246
0.100147753953934
0.025875242426991
-0.077972292900085
0.052337322384119
0.031205525621772
0.417471379041672
-0.060201860964298
-0.360112041234970
0.075536824762821
-0.053995326161385
0.046574387699366
0.020015159621835
0.336480289697647
-2.246294260025024
-0.106932811439037
-0.095568522810936
0.009274593554437
-0.027681713923812
0.329132497310638
0.141504868865013
0.362955391407013
0.008092394098639
-0.200948849320412
0.053109958767891
-0.228897482156754
0.063726350665092
0.097343474626541
-0.054164119064808
-0.027784842997789
-0.289968311786652
0.217249527573586
-0.055599007755518
-0.089434675872326
1.103655934333801
-0.008292102254927
0.006384697277099
0.082968570291996
-0.295624375343323
0.111292473971844
0.154551357030869
0.066069640219212
-0.689442038536072
-0.297018468379974
0.028293611481786
0.200041577219963
-0.091359212994576
0.127668887376785
-0.174745544791222
0.139768496155739
0.061347600072622
-0.318742573261261
0.061427924782038
-0.324398189783096
-0.071665786206722
0.261392027139664
0.297486573457718
-0.082920484244823
0.043863579630852
0.012462803162634
0.426872700452805
-0.163442492485046
-0.144589781761169
0.454317927360535
0.021899150684476
0.188756823539734
-0.137728482484818
0.082460217177868
-0.029853574931622
0.335344105958939
0.030695553869009
0.165949404239655
0.124931469559669
0.124178588390350
0.002582489978522
-0.105634711682796
0.026438718661666
-0.130502671003342
-0.068997040390968
-0.072233580052853
0.389090836048126
3.810148954391479
0.088400460779667
-0.015712456777692
0.391893386840820
0.048198964446783
0.013503391295671
0.036970674991608
0.357874035835266
-0.154575735330582
0.073792986571789
-0.450931668281555
0.206696569919586
-0.096514821052551
0.158622145652771
0.033583614975214
0.057517822831869
0.181472510099411
-0.172732606530190
0.086820006370544
0.242657989263535
-0.035617955029011
0.007270445115864
0.049228049814701
-0.043599810451269
-0.117922082543373
0.041594743728638
0.245918527245522
-0.109597198665142
0.295207113027573
0.141104295849800
0.064234398305416
-0.089754171669483
-0.181714117527008
0.483632177114487
-0.033274535089731
0.017467333003879
-0.038571875542402
-0.218364477157593
-0.099685855209827
-0.000017656524506
0.163143604993820
-0.180517300963402
0.119208723306656
0.117021478712559
-0.164347261190414
-0.077448129653931
0.016178648918867
0.424242705106735
0.136292934417725
0.029461303725839
-0.195032119750977
-0.155048236250877
-0.077374652028084
0.051276661455631
-0.017713809385896
-0.133649289608002
0.133768334984779
0.125411286950111
0.005511406343430
0.037651367485523
-0.152530118823051
0.597606480121613
-0.031651627272367
0.034947179257870
0.018138475716114
0.182161182165146
0.005404434632510
-0.011191826313734
0.125705346465111
0.082874715328217
0.025321375578642
0.068398371338844
-0.091231271624565
-0.231684088706970
0.104311667382717
-0.252525448799133
0.091687940061092
0.079640015959740
0.013266460970044
0.034400004893541
0.182257488369942
-0.093308389186859
-0.623163163661957
0.025402655825019
-0.158140182495117
0.347988247871399
0.088543161749840
0.274564087390900
0.011634077876806
0.082491949200630
0.164788067340851
-0.343663632869720
0.055221278220415
0.250743091106415
0.041031599044800
0.137496635317802
-0.194269329309464
-0.037446212023497
0.178293108940125
0.402541905641556
0.077019736170769
-0.017273310571909
-0.036501985043287
0.021042687818408
0.014236711896956
-0.495094269514084
0.280272275209427
-0.193344235420227
-0.020881922915578
0.011006049811840
0.040665280073881
0.012735165655613
0.395803302526474
-0.071248494088650
0.234374463558197
0.155378505587578
0.003614863613620
0.101490795612335
-0.093619562685490
-0.237809285521507
-0.000643184524961
-0.018914625048637
0.028490593656898
0.065587237477303
0.189902797341347
-0.169687792658806
0.059718765318394
-0.036653317511082
0.192839428782463
-0.315208315849304
0.080136172473431
-0.003120200010017
-0.304924488067627
0.049273196607828
0.027355959638953
-0.049252614378929
-0.046852104365826
-0.100388050079346
-0.033155877143145
0.216924443840981
0.131110414862633
0.089153155684471
-0.238854318857193
0.019904194399714
0.031040545552969
0.045555274933577
0.019671006128192
0.041865572333336
0.213655456900597
-0.122816778719425
-0.006856232881546
-0.185038074851036
-0.012783514335752
-1.223203182220459
0.001144259353168
-0.103758126497269
0.568305432796478
-0.059498198330402
-0.092843376100063
-0.103326261043549
0.082448124885559
0.657172203063965
-0.113199442625046
-0.216390684247017
0.096216402947903
0.223277002573013
-0.095923326909542
-0.270676761865616
-0.338493227958679
0.039800744503736
-0.253550767898560
0.122599922120571
0.017323568463326
-0.041209582239389
0.211268469691277
-0.121178105473518
0.278414398431778
-0.041640013456345
-0.078365072607994
0.124557219445705
-0.284621566534042
0.424751996994019
-0.007106341421604
0.048307530581951
0.174803107976913
0.133896514773369
-0.066102080047131
0.006692983675748
0.085997752845287
-0.118379354476929
-0.401762247085571
0.083487883210182
0.276871532201767
-0.024439122527838
0.064228162169456
0.115201741456985
-0.115970060229301
-0.015056103467941
0.148315578699112
0.053707059472799
-0.386045396327972
0.027600960806012
-0.036942381411791
-0.093574129045010
0.013462389819324
0.001177036785521
0.066197328269482
0.028302762657404
0.192611426115036
-0.055320523679256
-0.041233021765947
-0.041883811354637
0.030713494867086
0.023949289694428
-0.125204890966415
0.093536376953125
0.163065791130066
-0.036075633019209
0.276616901159286
-0.072404019534588
0.063399836421013
0.016868716105819
0.080617934465408
0.048070266842842
-0.017330368980765
-0.072836235165596
0.226584717631340
-0.043279327452183
0.061666183173656
0.024732790887356
0.069300480186939
-0.078919254243374
-0.229893624782562
0.067997679114342
0.274491131305695
-0.015340126119554
-0.056746244430542
-0.057770051062107
0.034743245691061
-0.119532257318497
-0.207617789506912
0.020110048353672
0.000377347663743
-0.103991888463497
0.010201117023826
0.144371584057808
0.051100026816130
-0.189241126179695
0.290356874465942
0.023511121049523
0.096201017498970
0.370863676071167
0.092401362955570
0.009049929678440
0.310452669858932
-0.095856152474880
0.100583702325821
0.024093234911561
-0.114399209618568
-0.038673363626003
0.157566443085670
-0.001549457316287
0.081644251942635
0.391655921936035
0.289959639310837
0.056911744177341
-0.032755754888058
-0.220090940594673
-0.209803700447083
0.107040703296661
0.137538850307465
-0.079984575510025
0.078715614974499
0.601791501045227
0.246619105339050
-0.105478130280972
0.066783957183361
0.024287773296237
0.128939449787140
-0.088267698884010
0.060879699885845
-0.160832479596138
-16.538841247558594
0.353517413139343
0.161160320043564
0.372440457344055
-0.136216104030609
0.078641116619110
0.231915667653084
0.062858007848263
0.029312768951058
-0.067170731723309
0.091950096189976
-0.001925899763592
0.086495585739613
0.078534170985222
-0.203507333993912
0.144069984555244
0.037692174315453
0.167237937450409
0.065905943512917
-0.053270336240530
-0.014151403680444
0.000908114307094
0.149870246648788
0.282414734363556
-0.169871434569359
0.217316493391991
-0.033649988472462
0.288020312786102
0.003039065282792
-0.011268978007138
0.173479229211807
-0.289767175912857
0.228244870901108
-0.036793779581785
0.033734649419785
-0.055981136858463
-0.035654027014971
-0.020317994058132
0.000007181291494
0.226722374558449
-0.030884068459272
0.111160755157471
-0.078828886151314
-0.031559165567160
0.189667105674744
0.192751750349998
-0.016178390011191
0.074231676757336
0.042980246245861
0.333772718906403
-0.393965661525726
0.007834468036890
-0.599231004714966
-0.049591589719057
0.103106483817101
0.024590667337179
0.004628039430827
-0.006519779562950
-0.075662188231945
-0.078410655260086
0.141399577260017
-0.304717093706131
0.123289555311203
0.007946020923555
0.059835799038410
0.104283109307289
0.286113619804382
-0.015810009092093
-0.021815678104758
0.013068321160972
0.116984352469444
0.033721353858709
-0.056841939687729
0.208497941493988
-0.010309411212802
-0.190884187817574
-0.006944779306650
-0.155522793531418
0.361612379550934
0.131360277533531
0.379520326852798
0.342008441686630
-0.102243982255459
0.134231120347977
-0.006854588631541
0.171363070607185
0.104590453207493
0.002314546843991
0.284000426530838
0.097216255962849
0.079707682132721
-0.000788160075899
0.013377472758293
0.082309395074844
0.097642675042152
0.013433662243187
-0.071721293032169
0.117581486701965
0.149968326091766
0.011925759725273
0.219755843281746
-0.091597974300385
0.184540048241615
0.138786032795906
0.016847444698215
0.707581520080566
-0.254994660615921
-0.089937992393970
0.000182279647561
-0.033852308988571
0.169553965330124
0.017546655610204
-0.160589292645454
0.086331799626350
0.062476221472025
-0.094703674316406
0.190015166997910
-0.032035209238529
-0.040124051272869
0.411355793476105
0.025390299037099
-0.022067820653319
0.056152075529099
0.056968785822392
0.516103386878967
-0.158043399453163
0.053677860647440
0.307982355356216
0.048295371234417
0.044839836657047
-0.346101164817810
-0.121986202895641
-0.322021454572678
0.077663250267506
0.203990980982780
-0.952609598636627
0.037101175636053
0.000121139659313
-0.043662153184414
0.095813684165478
0.147614955902100
0.186692178249359
0.127288326621056
-0.883692800998688
-0.016689855605364
-0.071329578757286
-0.147284775972366
-0.085646636784077
0.077051766216755
-0.102396130561829
0.009432091377676
-1.122276186943054
-0.008495207875967
1.054033398628235
-0.030457822605968
-0.010053662583232
-0.013689823448658
0.048702809959650
0.031358972191811
-0.028871700167656
0.250004768371582
0.174364387989044
-0.025007296353579
0.148199453949928
0.084221519529819
-0.159810990095139
0.242322534322739
0.089473724365234
-0.269518941640854
-0.069128446280956
0.064259842038155
0.398388713598251
-0.045682072639465
0.011009532958269
-0.234329581260681
0.091385774314404
-0.256788402795792
0.474486529827118
0.111931785941124
0.255557566881180
