-0.213291198015213
-0.003778223646805
0.083186954259872
0.077843680977821
0.100435227155685
0.024281978607178
-0.044958047568798
0.510200440883636
-0.006079182494432
0.292981833219528
-0.049651756882668
0.086989462375641
-0.288642406463623
0.361843377351761
0.025134323164821
0.046914111822844
0.007794663310051
0.079599969089031
0.088244371116161
0.061710964888334
0.032003559172153
0.068602971732616
-0.064548067748547
0.014296622946858
0.142514109611511
-0.093041092157364
-0.115444019436836
-0.072227157652378
0.179897665977478
0.096579261124134
-0.078942611813545
0.103149600327015
-0.000093886599643
-0.069264218211174
-0.105716571211815
-0.123378075659275
0.091369658708572
0.021881883963943
0.212582111358643
0.006832711398602
0.026205938309431
-0.022527730092406
0.103790685534477
0.117265276610851
-0.086195558309555
-0.019704962149262
0.090418495237827
0.095201522111893
0.040554668754339
-0.092200987040997
0.167968004941940
-0.125657647848129
0.059040829539299
0.474757164716721
0.062187753617764
-0.048528086394072
-0.002654947806150
-0.128086850047112
0.093269929289818
-0.018282838165760
0.190022736787796
0.098351418972015
0.090837977826595
-0.310666531324387
-0.344675332307816
-0.034155599772930
-0.047440893948078
0.159813806414604
-0.035496708005667
-0.107079125940800
0.045199442654848
0.256007015705109
2.278646469116211
-0.030865360051394
-0.031801927834749
0.125866591930389
0.127934023737907
0.098299913108349
0.078240945935249
0.026395568624139
-0.018975296989083
-0.060213405638933
-0.030707938596606
0.069018624722958
0.286827176809311
0.339776605367661
-0.019768696278334
0.047349311411381
0.013085428625345
0.892188906669617
0.084172114729881
0.226676031947136
0.288063496351242
-0.131981730461121
0.096521586179733
0.061351720243692
-0.114226721227169
0.096177384257317
0.013430117629468
-0.048395048826933
-0.024933008477092
0.202313914895058
0.099277012050152
-0.142359882593155
0.033635694533587
0.021062025800347
0.044264905154705
-0.092769250273705
0.055681280791759
0.042343828827143
0.154437810182571
0.068383134901524
0.292484641075134
0.221500650048256
-0.222361966967583
0.005782593507320
-0.236746609210968
-0.064454533159733
0.132120162248611
0.114912830293179
0.104163683950901
0.392331779003143
0.043556693941355
-0.177279576659203
-0.046327237039804
0.186177387833595
0.032172661274672
-0.151491031050682
0.078164756298065
0.224050045013428
0.057333778589964
-0.029573490843177
0.007960546761751
0.130233064293861
0.096828624606133
0.297603130340576
-0.164046555757523
-0.078715257346630
0.029252944514155
0.196501731872559
0.303550094366074
0.115541391074657
-0.074268117547035
-0.003179742023349
0.007228654343635
0.519976973533630
0.221195772290230
-0.086612887680531
-0.150391474366188
-0.349475681781769
-0.004753638058901
2.347953081130981
-1.266825318336487
-0.109820619225502
0.025745803490281
-0.000311442330712
-0.057295579463243
0.007136201485991
-0.028136763721704
-0.005296038463712
0.113851763308048
-0.162276685237885
0.027259966358542
0.053687952458858
0.074760347604752
-0.286433905363083
0.227408438920975
0.047355521470308
-0.025814892724156
-0.046048555523157
0.167133286595345
0.041775770485401
0.118793636560440
0.005392700899392
0.076440252363682
-0.079636774957180
0.026276482269168
-0.098614029586315
0.110203377902508
0.179843783378601
0.042233936488628
0.036006614565849
0.043050400912762
0.068827494978905
-2.069203138351440
0.150649964809418
0.122135281562805
-0.051235333085060
0.044405478984118
0.188578024506569
-0.093717910349369
0.176564052700996
0.038655295968056
0.002156607108191
-0.015876188874245
-0.159711331129074
0.168699786067009
0.058682590723038
0.064964644610882
-0.052687443792820
-0.054228123277426
-0.017777349799871
0.076966099441051
0.078460939228535
0.226794362068176
-0.037130329757929
0.066643834114075
-0.197345510125160
-0.046082738786936
0.058920226991177
-0.046064492315054
0.139876440167427
-0.031828835606575
-0.020028719678521
-0.105477444827557
-0.038599189370871
0.084235958755016
0.129560977220535
0.134603083133698
0.100072607398033
-0.206523478031158
0.105353452265263
0.040333863347769
0.184634417295456
-0.058759454637766
-0.132916897535324
0.030629185959697
0.014063615351915
0.158443927764893
0.131904408335686
-0.042901694774628
0.029898613691330
-0.001572984270751
-0.076866112649441
0.031376682221889
0.034318000078201
0.427060246467590
0.004957169760019
0.052552748471498
-3.033629655838013
-0.017323061823845
-0.042622681707144
-0.022208960726857
-0.014728660695255
0.009924422949553
0.167003676295280
0.170744717121124
0.017469305545092
-0.182611241936684
0.125781372189522
-0.186675474047661
0.108950570225716
0.121309734880924
-0.122704453766346
-0.000652623246424
-0.045233421027660
-0.038092818111181
0.111524015665054
0.054637532681227
0.979448735713959
0.303230315446854
0.004793661646545
0.093577131628990
0.058936510235071
0.075348004698753
0.170571714639664
0.180215924978256
0.041778799146414
-0.062380284070969
0.055887930095196
0.156709268689156
-0.012041176669300
0.097327359020710
-0.058350257575512
0.156082436442375
0.048965051770210
-0.310885310173035
-0.038017343729734
-0.014888340607285
0.011894100345671
0.000908562680706
0.027216723188758
-0.042599763721228
-0.013205931521952
0.037171512842178
0.184144467115402
0.057469904422760
-0.089076809585094
0.073620960116386
0.088280864059925
0.100224681198597
-0.008520855568349
0.098892636597157
-0.084861680865288
0.308414936065674
0.049424231052399
-0.086490795016289
0.028451062738895
0.283403456211090
0.094698958098888
0.000299298058962
0.119248002767563
-0.176812320947647
0.061076197773218
-0.267317712306976
0.429840385913849
2.803523302078247
0.148596048355103
0.084847271442413
0.407716453075409
-0.014440257102251
0.036175411194563
0.088443025946617
0.256558299064636
0.139306932687759
0.134888291358948
-0.156409040093422
0.105700992047787
-0.074903696775436
0.129270344972610
0.008526769466698
0.101967677474022
0.125927790999413
-0.087896220386028
0.083228997886181
0.318211674690247
0.062322143465281
-0.005769242532551
0.032470095902681
-0.021252414211631
-0.121493659913540
-0.118133589625359
0.252339273691177
-0.053287964314222
0.172943934798241
0.037879329174757
-0.011321794241667
-0.050307940691710
-0.176644623279572
0.232138544321060
-0.061706770211458
-0.076259948313236
-0.159896865487099
-0.148897498846054
0.044231999665499
-0.044735763221979
0.113445766270161
-0.440332740545273
0.007109716068953
0.119165897369385
-0.080358661711216
-0.044381625950336
-0.077122993767262
0.140744060277939
0.155927658081055
-0.006525192409754
-0.068854689598083
-0.052490971982479
0.033061888068914
0.166035816073418
-0.002060331869870
-0.008983178064227
0.093972429633141
0.112522020936012
0.026972698047757
0.080389983952045
-0.142798021435738
0.290205448865891
0.065784901380539
0.043406639248133
-0.271603733301163
0.289953529834747
0.032769788056612
-0.031415678560734
0.101901657879353
0.081195063889027
0.001448505558074
-0.192827254533768
-0.101538315415382
-0.184724390506744
0.076398827135563
-0.156415715813637
-0.034396428614855
0.087618775665760
0.071147851645947
0.364699542522430
0.080103203654289
0.182756751775742
-0.377757251262665
-0.003494729055092
0.053081598132849
0.056892570108175
0.068257287144661
0.241129845380783
-0.026113200932741
0.200178906321526
0.049564000219107
-0.239759787917137
0.042634069919586
0.286702573299408
0.131543204188347
0.109259702265263
-0.101771086454391
0.011905873194337
-0.060166221112013
0.046678606420755
-0.162863746285439
0.079693153500557
-0.037478901445866
0.085645243525505
0.020690515637398
0.093545481562614
0.086136654019356
-0.016641201451421
-0.025703690946102
0.003712165867910
-0.010288839228451
0.004393009468913
-0.161062151193619
-0.118698410689831
0.042223364114761
0.171454951167107
-0.040126156061888
0.142531767487526
-0.011612951755524
-0.056539222598076
0.047813508659601
-0.056147899478674
0.058111459016800
0.026890989392996
0.162789717316628
-0.122076407074928
-0.046356007456779
-0.011458512395620
0.134641930460930
-0.039036072790623
-0.011753512546420
-0.038459882140160
-0.073815800249577
0.021382085978985
-0.010327938944101
-0.038415182381868
0.028986601158977
-0.058710258454084
-0.093297399580479
0.304607093334198
-0.048605270683765
0.038258764892817
-0.085172884166241
-0.001767736393958
0.080755800008774
0.018665872514248
0.050358098000288
0.030195834115148
0.132466375827789
-0.203443780541420
-0.178940266370773
-0.044810313731432
-0.037678290158510
-1.528349518775940
0.053940106183290
0.030490433797240
0.063260182738304
0.136062189936638
0.088288046419621
0.119507946074009
0.147483766078949
0.401856303215027
-0.047262102365494
-0.116351276636124
0.061683937907219
0.118767522275448
-0.010389549657702
-0.015962393954396
-0.198091924190521
0.002435789676383
-0.001144382287748
-0.023219469934702
0.021806787699461
-0.078147500753403
0.534133970737457
0.136158347129822
-0.050807148218155
-0.096231013536453
-0.058096103370190
0.032277908176184
0.101758427917957
0.398352026939392
-0.017406599596143
-0.015079306438565
-0.124202184379101
0.258436858654022
0.067111991345882
0.000485120282974
0.079326681792736
-0.081580020487309
-0.244962558150291
-0.139713704586029
-0.020620351657271
0.124642528593540
0.172722607851028
0.108918622136116
-0.062579393386841
0.023582547903061
-0.146335631608963
-0.002367632929236
-0.240721300244331
0.303711891174316
-0.019987776875496
-0.038020525127649
-0.404978990554810
-0.026211632415652
0.003908096812665
0.027919601649046
-0.052699431777000
-0.022094458341599
-0.016310948878527
-0.022382743656635
0.037061255425215
0.047428615391254
0.068183846771717
0.140328302979469
0.135348677635193
-0.066438913345337
-0.039873585104942
0.031355172395706
0.099493585526943
-0.057399950921535
0.125783324241638
-0.229185357689857
0.201908275485039
-0.078087635338306
0.192827418446541
-0.007875912822783
0.070429638028145
-0.020578160881996
0.069282732903957
-0.081030659377575
-0.214424654841423
0.021982517093420
-0.176996216177940
0.028178503736854
-0.031659115105867
-0.080181472003460
0.028197113424540
-0.074335336685181
0.115723580121994
0.022224275395274
-0.000924619904254
-0.027235969901085
-0.005567668937147
0.184525370597839
0.068936631083488
0.122769802808762
0.121426559984684
-0.092645227909088
0.039271771907806
0.142700269818306
-0.057996403425932
-0.005462355446070
0.055033050477505
-0.092471197247505
0.087152652442455
0.033388260751963
0.088124528527260
-0.017152009531856
0.124183259904385
-0.004084813874215
0.125269711017609
-0.158834144473076
-0.274503588676453
0.052522733807564
-0.075295329093933
0.203600019216537
-0.092676632106304
-0.001835340168327
0.104058131575584
-0.025068230926991
-0.002015186008066
-0.097602397203445
0.155414313077927
-0.072602801024914
0.171540930867195
0.057588417083025
0.092005826532841
-0.088360659778118
0.051308896392584
0.090319126844406
-16.896827697753906
0.260883033275604
0.062814407050610
0.173812702298164
-0.069550335407257
0.065023221075535
0.144954800605774
0.045087367296219
0.048347178846598
0.145520746707916
0.054678756743670
0.149872615933418
-0.176968842744827
-0.032024644315243
-0.236424773931503
0.043074414134026
0.066045634448528
-0.027294127270579
0.077506311237812
0.122666187584400
0.036747299134731
0.237890288233757
0.206727772951126
0.198912009596825
-0.057397261261940
0.250156164169312
0.033844958990812
0.073429010808468
0.021512528881431
0.034032836556435
0.037482202053070
-0.106021769344807
0.125879645347595
-0.045835528522730
0.041359841823578
-0.122191637754440
0.061585683375597
0.037634976208210
0.009538972750306
0.223798573017120
0.038653414696455
0.048512529581785
0.058443274348974
-0.031375151127577
-0.113641507923603
0.022194650024176
0.127810150384903
0.012799721211195
0.023281570523977
0.213984474539757
-0.426169246435165
0.046323634684086
-0.230566605925560
0.027173429727554
0.131901562213898
-0.038329575210810
0.057930734008551
-0.188132002949715
-0.013510082848370
0.118763379752636
0.111243180930614
-0.107845917344093
0.084534659981728
0.011637492105365
0.011347369290888
0.093836411833763
0.361872434616089
-0.071369290351868
0.051261302083731
-0.036425381898880
0.115127772092819
-0.003289893269539
0.007296849042177
0.003978930413723
0.115764275193214
-0.088720269501209
0.042170975357294
-0.167177706956863
0.263968974351883
-0.097774527966976
-0.252394378185272
-0.034427464008331
-0.088725000619888
0.139979943633080
0.046968404203653
-0.068664237856865
-0.008785212412477
0.002760240808129
0.234550446271896
0.005076895467937
0.099564671516418
0.017672931775451
-0.149013504385948
0.130718737840652
0.106063663959503
0.057662133127451
-0.097647994756699
0.208941951394081
0.114968150854111
0.036736555397511
0.019779909402132
0.046309266239405
0.163302004337311
0.082764677703381
0.005508915986866
0.385319054126740
-0.191390126943588
-0.004938177298754
-0.028830111026764
-0.017183054238558
0.118310354650021
0.174888998270035
-0.141627937555313
0.064933136105537
0.107340045273304
-0.118310637772083
0.114796712994576
0.156905785202980
0.010953826829791
-0.156736597418785
0.037080138921738
-0.132870957255363
-0.023421026766300
0.072292871773243
0.074390791356564
-0.143689334392548
0.061888013035059
0.013757375068963
0.003701480804011
0.084789276123047
-0.027489487081766
-0.023935543373227
-0.249353468418121
0.020743202418089
-0.065104015171528
-0.530827343463898
0.031906321644783
0.005468572489917
-0.041432276368141
0.055234111845493
0.354474157094955
0.114020437002182
0.017121557146311
-0.776834845542908
-0.049938198179007
0.084583729505539
-0.352485477924347
0.009311841800809
0.314444124698639
-0.000191442304640
0.044548463076353
-1.502425551414490
-0.058887712657452
1.104318976402283
-0.088496558368206
-0.013253282755613
-0.072279125452042
-0.021245030686259
-0.081086449325085
-0.057611431926489
0.165806472301483
0.224836826324463
0.008633773773909
0.017705125734210
0.043728046119213
0.039047095924616
0.205739974975586
-0.013114017434418
-0.053843811154366
-0.060447599738836
-0.020829012617469
0.154921442270279
-0.084576964378357
0.035371940582991
-0.226929500699043
0.175134435296059
-0.149518162012100
0.334338217973709
0.097365602850914
0.191910177469254
