-0.170562624931335
0.045216891914606
0.045821715146303
0.049517847597599
0.158105447888374
0.011033078655601
-0.042282234877348
0.422883540391922
-0.004624272231013
0.050954919308424
-0.235413730144501
0.082890979945660
0.765447735786438
0.234592348337173
0.021742366254330
0.107016906142235
-0.014145362190902
0.108673959970474
0.002014129189774
0.036494988948107
0.094036929309368
0.073530003428459
-0.003633322892711
-0.084162540733814
0.217359557747841
-0.079364448785782
-0.026050753891468
-0.017413038760424
0.167011171579361
-0.018846850842237
-0.061954282224178
0.184073686599731
0.022818431258202
-0.012276933528483
-0.061121568083763
-0.067678980529308
0.076465770602226
0.086231291294098
-0.002604396548122
0.036140501499176
0.035511326044798
-0.044385116547346
-0.045783326029778
0.120957277715206
-0.096507117152214
-0.034205965697765
0.074536427855492
0.126973509788513
0.043163236230612
-0.105440273880959
0.181714057922363
-0.208897545933723
0.054102119058371
0.380547016859055
-0.053870100528002
0.028286918997765
-0.012598763220012
-0.244191497564316
0.029818819835782
0.088123723864555
0.147341415286064
0.237158879637718
0.092992521822453
-0.340916842222214
-0.376558989286423
-0.013187471777201
-0.053881287574768
0.166541293263435
-0.207500830292702
-0.067798607051373
0.121741637587547
0.370343059301376
2.310981512069702
0.013475570827723
0.070543006062508
0.080673523247242
0.129993140697479
0.096665553748608
0.016156312078238
0.109396979212761
-0.041704189032316
0.186094835400581
-0.046236097812653
-0.190777152776718
0.083577133715153
0.302163600921631
0.017696708440781
-0.029598759487271
0.018337946385145
0.737840116024017
0.083656765520573
0.099794790148735
0.121221259236336
-0.161791026592255
0.147032365202904
0.055189907550812
-0.154309123754501
0.102768816053867
0.058616947382689
-0.056692078709602
-0.084531337022781
0.185804113745689
0.090102843940258
0.337772995233536
0.039492152631283
0.041857462376356
-0.005198955070227
-0.129592910408974
0.183550491929054
-0.006457173265517
0.169514551758766
0.096574015915394
0.239296332001686
0.184481084346771
-0.209906384348869
-0.038097374141216
0.081581383943558
-0.181312739849091
0.202946722507477
0.092986561357975
0.108505047857761
0.290705084800720
0.111422620713711
-0.301545441150665
-0.012798626907170
0.136479198932648
0.021861379966140
-0.144674986600876
0.123609557747841
0.042016580700874
0.052590202540159
-0.185197770595551
0.021539134904742
0.075962610542774
0.025572413578629
0.260748386383057
-0.204168990254402
-0.056753072887659
0.001422256580554
0.115000486373901
0.234097748994827
0.346382379531860
-0.059501565992832
-0.046927500516176
0.023662149906158
0.754763484001160
0.253861516714096
-0.128991693258286
-0.121432229876518
-0.161467641592026
-0.004640657454729
1.855375051498413
-1.374662280082703
-0.163319021463394
0.019705230370164
0.003609227249399
-0.202408283948898
-0.015271173790097
-0.089464925229549
0.010684424079955
0.036762006580830
-0.094119332730770
0.039286252111197
0.086016513407230
0.082376584410667
-0.144260063767433
0.170995533466339
0.008592450991273
-0.050322875380516
0.069400757551193
0.144817113876343
0.067164987325668
-0.001634815242141
-0.018555993214250
0.074295006692410
0.002842450980097
0.047902323305607
-0.135625407099724
-0.105916500091553
0.159477740526199
0.083784222602844
0.041241504251957
0.044732447713614
0.134840354323387
-1.690357923507690
0.131405025720596
0.122875511646271
-0.060416836291552
0.045442938804626
0.142255961894989
-0.049979884177446
0.242642283439636
-0.038284819573164
0.014014099724591
-0.054951652884483
-0.154625669121742
0.111273884773254
-0.021554442122579
0.074703574180603
-0.052332706749439
-0.036554373800755
-0.018891444429755
-0.027444982901216
-0.061434827744961
0.249006435275078
-0.110579364001751
0.106375023722649
-0.168406069278717
-0.056806772947311
-0.030445016920567
-0.043292786926031
0.129693761467934
-0.156330108642578
0.047519572079182
-0.143943995237350
0.089695118367672
0.034735735505819
0.140246823430061
0.257261186838150
0.046368069946766
-0.100737959146500
-0.092061191797256
0.095877528190613
0.237633123993874
0.009803974069655
-0.153058335185051
-0.002795592881739
0.015853162854910
0.020590160042048
-0.012797764502466
-0.102856203913689
0.161215797066689
-0.020573122426867
0.084079965949059
0.095115676522255
-0.000768864469137
0.344739556312561
-0.021971359848976
0.127199918031693
-2.788918495178223
-0.067550428211689
-0.028454506769776
-0.031834896653891
-0.019771616905928
-0.019741816446185
0.195026561617851
0.201894640922546
0.033891499042511
-0.034990388900042
0.064674496650696
-0.203680500388145
0.131219387054443
0.044938459992409
-0.065193511545658
-0.008016137406230
-0.124338887631893
-0.152097493410110
0.081323988735676
-0.019433759152889
0.502541303634644
0.101011171936989
-0.016024908050895
0.117773368954659
-0.020648643374443
0.181362584233284
0.125223577022552
-0.066675052046776
-0.757993102073669
-0.219276279211044
0.046407561749220
0.175189077854156
0.067527160048485
0.123981609940529
-0.003756840247661
0.182051539421082
-0.010991949588060
-0.196857348084450
-0.074147157371044
-0.099723592400551
0.081480130553246
-0.090436942875385
-0.012530795298517
-0.067885458469391
-0.018088381737471
0.047730613499880
0.198726326227188
0.014366516843438
-0.116454735398293
0.174097016453743
0.095799989998341
0.134433597326279
0.014895896427333
0.101204432547092
-0.028855754062533
0.547872006893158
0.058076363056898
-0.062088746577501
0.023397393524647
0.222599923610687
0.106862910091877
-0.069331414997578
-0.056595169007778
-0.285828888416290
0.001688209478743
-0.197000250220299
0.178168952465057
3.108412742614746
0.211335733532906
0.169384613633156
0.363001376390457
0.059526167809963
0.074705027043819
0.097410373389721
0.299567699432373
0.020763181149960
-0.018503779545426
-0.208290427923203
-0.177934363484383
-0.105903372168541
0.209954440593719
-0.088953703641891
0.131169155240059
0.144069865345955
-0.056048750877380
0.087922081351280
0.509912669658661
0.056270495057106
-0.039331004023552
0.133451148867607
0.002650042530149
-0.066147491335869
-0.022083496674895
0.308180034160614
-0.145928457379341
0.308899670839310
0.047967664897442
-0.030595742166042
-0.048101004213095
-0.329056531190872
0.298845738172531
-0.306703448295593
-0.019671373069286
-0.225705981254578
-0.302607446908951
-0.179559826850891
-0.050079625099897
0.115405827760696
-0.000948198663536
-0.033525537699461
0.065775074064732
-0.122294753789902
0.105221845209599
-0.184353560209274
0.072701126337051
0.171065419912338
0.015025667846203
-0.242395669221878
0.010977138765156
0.034907046705484
0.216078132390976
0.029589774087071
0.167758122086525
0.086557716131210
0.069858841598034
0.005197795107961
0.011711814440787
-0.080379582941532
0.440155416727066
-0.031233247369528
0.007878897711635
0.018536996096373
0.353647708892822
0.004658419173211
-0.092469081282616
0.120973832905293
0.056968312710524
0.177667021751404
-0.257538884878159
-0.092560529708862
-0.364336341619492
0.107058554887772
-0.219617828726768
-0.010666379705071
0.059807483106852
0.053554479032755
0.143800780177116
0.003667893819511
-0.094620689749718
-0.634144961833954
0.007201599422842
-0.275348126888275
-0.032529331743717
0.041797194629908
0.054048791527748
-0.027057122439146
0.077558673918247
-0.000815137813333
-0.079773180186749
0.057834967970848
0.210871562361717
0.061846952885389
0.083802439272404
-0.064092829823494
0.045596186071634
-0.121334955096245
-0.034076623618603
-0.034638442099094
-0.018706729635596
-0.054626151919365
0.082936130464077
0.091870591044426
0.048881288617849
0.008611669763923
0.005997523665428
-0.003388012293726
-0.001791515620425
0.034083124250174
0.009543577209115
-0.061608884483576
-0.088804095983505
-0.068289160728455
0.071538753807545
-0.018480949103832
0.137259185314178
-0.002350547816604
-0.359772324562073
0.049395341426134
-0.057546615600586
0.056831922382116
0.038884706795216
0.130451306700706
-0.103537268936634
-0.046781066805124
-0.009581606835127
0.215023502707481
-0.219625353813171
-0.014080387540162
0.020884633064270
0.039806455373764
0.021681044250727
-0.038038447499275
0.032211318612099
0.037052448838949
-0.080853790044785
-0.097683213651180
0.253662228584290
0.041679363697767
0.012643761932850
0.094140760600567
-0.026823226362467
0.051455792039633
0.049772270023823
0.108224034309387
0.051422957330942
0.153748407959938
-0.239886090159416
-0.240460604429245
-0.087142936885357
-0.040002640336752
-2.056467056274414
0.165881216526031
-0.115064904093742
0.122119918465614
0.101698510348797
-0.024976694956422
0.074674874544144
0.149830088019371
0.355086266994476
-0.074633002281189
-0.132178992033005
0.079408273100853
0.176395833492279
-0.011882182210684
-0.057469934225082
-0.394556045532227
0.003048902843148
0.161856025457382
-0.071316525340080
-0.062140874564648
-0.080702662467957
0.306135237216949
0.036565657705069
0.003106251358986
0.010647618211806
0.062827557325363
0.071826957166195
-0.183209598064423
0.404222846031189
0.069551460444927
-0.025596905499697
0.032799206674099
0.207044541835785
0.000591601186898
0.020827157422900
0.112612724304199
-0.097678594291210
-0.136736020445824
0.075069025158882
0.052048243582249
0.147462129592896
0.213957488536835
0.055900506675243
-0.041668150573969
0.019357239827514
-0.233423709869385
0.026361301541328
-0.209778666496277
0.155540972948074
0.024339841678739
-0.012567054480314
0.430401176214218
-0.081118471920490
0.052479609847069
0.031911421567202
0.171151608228683
-0.053984906524420
0.024992991238832
-0.041164770722389
0.035723805427551
0.048694733530283
0.147540271282196
0.126902267336845
0.155119091272354
-0.040090750902891
-0.097700372338295
0.034889139235020
0.114296741783619
-0.170969277620316
0.150754988193512
-0.244205936789513
0.345514714717865
-0.061194177716970
0.274460166692734
-0.132934197783470
-0.141326993703842
-0.107408829033375
0.000108139021904
-0.063323825597763
-0.071401186287403
0.042646005749702
0.067522369325161
0.026443039998412
0.087614536285400
0.007522553205490
0.051529582589865
-0.136973306536674
-0.001881200121716
0.052776399999857
0.050820678472519
0.000712425506208
0.014289529994130
0.116480872035027
0.030632531270385
0.067639894783497
-0.038394313305616
0.027173116803169
0.043169047683477
0.137491673231125
0.020937921479344
0.011709488928318
0.179072111845016
-0.076746739447117
0.105482898652554
0.020499158650637
0.160016536712646
-0.025380471721292
0.191542759537697
-0.026861734688282
0.165966540575027
-0.206729397177696
-0.018383026123047
0.043430026620626
-0.081912539899349
0.141747236251831
0.030123136937618
0.011205180548131
0.121269613504410
-0.027134397998452
0.006528990343213
0.202629685401917
0.110400632023811
-0.093122243881226
0.147463679313660
0.024032238870859
0.013968051411211
-0.073763824999332
0.087168887257576
0.045792508870363
-16.736337661743164
0.238204330205917
0.085461825132370
0.348228454589844
-0.098228201270103
0.055584747344255
0.193470314145088
0.009498152881861
0.014455707743764
0.122920319437981
0.089088767766953
-0.130111798644066
-0.060665763914585
0.034158378839493
-0.315122514963150
0.176568925380707
0.047274790704250
-0.241347357630730
0.081321433186531
0.127004116773605
0.033254757523537
0.217362254858017
0.270762830972672
0.152783438563347
-0.243781775236130
0.208423838019371
0.009920162148774
0.246303156018257
0.026793215423822
-0.002893928205594
0.040834587067366
0.025549918413162
0.221910253167152
-0.094778411090374
0.013625953346491
-0.086943224072456
0.065283074975014
0.029202034696937
-0.008647340349853
0.241725385189056
0.004255304578692
0.092544376850128
-0.157355904579163
-0.006493702530861
0.001976969419047
-0.045308090746403
0.148848742246628
-0.057874232530594
-0.011926900595427
0.288503974676132
-0.351707607507706
0.058054890483618
-0.207721412181854
-0.027014028280973
0.092685885727406
-0.031849984079599
0.031176341697574
-0.206964433193207
-0.067550845444202
0.126791983842850
-0.114056147634983
-0.038501132279634
0.161043256521225
0.013366037048399
0.031063126400113
0.183139845728874
0.053225666284561
-0.075375042855740
0.040197920054197
-0.008294285275042
0.163219854235649
0.021758012473583
0.014633176848292
0.157754167914391
0.011842116713524
0.116581216454506
-0.041662171483040
-0.138117790222168
0.445670902729034
-0.100743629038334
0.030875565484166
0.235435858368874
-0.125557631254196
0.213241875171661
0.053524322807789
-0.044688198715448
0.032655950635672
0.057962425053120
0.276379823684692
0.040364652872086
0.105758041143417
-0.200965836644173
-0.195420488715172
0.187526792287827
0.186260849237442
0.041255783289671
-0.118696600198746
0.114152893424034
0.126878559589386
0.013585009612143
0.100110158324242
-0.063415303826332
0.161443635821342
0.071315988898277
0.051807060837746
0.456849396228790
0.080335199832916
-0.060421198606491
0.005744501482695
-0.078573942184448
0.112560719251633
0.319870501756668
-0.091422930359840
0.096427403390408
0.080328315496445
-0.142422646284103
0.099134236574173
0.152496099472046
0.005912090186030
0.253764212131500
0.041684519499540
0.098817601799965
0.017541889101267
0.043020248413086
0.224476158618927
-0.089655756950378
0.115283213555813
0.066666349768639
-0.031327780336142
0.121127918362617
-0.132447212934494
-0.072664514183998
-0.316885143518448
0.002575151622295
0.116048462688923
-0.831443667411804
-0.012868149206042
0.055967077612877
-0.038670975714922
0.049108125269413
0.293912708759308
0.241907179355621
0.051648080348969
-1.202854156494141
-0.087301664054394
0.145658344030380
-0.220064774155617
-0.027014303952456
0.021613864228129
-0.000408738997066
0.129053905606270
-1.486744642257690
-0.077818997204304
1.116738438606262
-0.102406300604343
0.024820720776916
-0.041658047586679
-0.050309423357248
0.216096147894859
-0.040012247860432
0.402770996093750
0.278691023588181
0.002636863384396
0.065389111638069
0.058460224419832
-0.098083153367043
0.225776478648186
-0.000191820639884
0.112217210233212
-0.036975707858801
-0.016828110441566
0.222171753644943
-0.109031401574612
-0.024495011195540
-0.288708657026291
0.166540890932083
-0.045642830431461
0.487628519535065
0.124240987002850
0.279669940471649
