-0.228898108005524
0.001901294454001
0.069268405437469
0.087463498115540
0.180862233042717
-0.001767980633304
-0.058566518127918
0.311137765645981
-0.053604360669851
0.212994217872620
-0.077867783606052
0.067985512316227
-0.063628882169724
0.339529633522034
0.023339305073023
0.081602394580841
0.007338244933635
0.066223494708538
0.080830618739128
0.037163984030485
0.035888660699129
0.091205939650536
-0.019832707941532
-0.049888987094164
0.212184458971024
-0.069141879677773
-0.097490072250366
-0.079323187470436
0.154829934239388
0.037874802947044
-0.064554974436760
0.137083619832993
-0.009915935806930
0.015277148224413
-0.105141542851925
-0.051898773759604
0.068848416209221
0.038855791091919
0.118236906826496
0.009857500903308
0.085068136453629
-0.064844243228436
0.043845772743225
0.140764400362968
-0.094706498086452
-0.018960358574986
0.108479619026184
0.161058202385902
0.050051219761372
-0.093654617667198
0.146148011088371
-0.179515182971954
0.071646444499493
0.297503739595413
0.002422036137432
0.034881196916103
-0.025836542248726
-0.188533484935760
0.074952632188797
-0.019333846867085
0.187501415610313
0.172952458262444
0.105930261313915
-0.350115746259689
-0.316291868686676
-0.009619968943298
-0.048390652984381
0.215744495391846
-0.107190176844597
-0.090972483158112
0.092154368758202
0.263887077569962
2.241364002227783
0.043051049113274
0.022694246843457
0.121760427951813
0.100989021360874
0.100241288542747
0.035940054804087
0.043093532323837
-0.037698186933994
0.065312504768372
-0.036521140486002
0.068263038992882
0.159983679652214
0.270430505275726
-0.006314287427813
-0.018696339800954
-0.014075037091970
0.827276349067688
0.099739640951157
0.105732865631580
0.079824395477772
-0.156094461679459
0.089649543166161
0.086187466979027
-0.122228726744652
0.102613121271133
0.062605001032352
-0.168809503316879
-0.060288015753031
0.211944267153740
0.113648042082787
-0.155771926045418
-0.017418663948774
0.016885079443455
0.100245527923107
-0.152017697691917
0.188106983900070
-0.022582644596696
0.121216975152493
0.052193921059370
0.285680830478668
0.189668759703636
-0.258641898632050
0.110177390277386
-0.087286867201328
-0.100654244422913
0.183768138289452
0.169574245810509
0.231189697980881
0.391177833080292
0.058045599609613
-0.278009295463562
-0.035259455442429
0.158558100461960
0.045234564691782
-0.136099487543106
0.123825535178185
0.101494997739792
0.070856690406799
-0.063186898827553
0.035450935363770
0.106644310057163
0.016524547711015
0.130142137408257
-0.178858265280724
-0.055235087871552
0.061144936829805
0.213191360235214
0.170565709471703
0.077815309166908
-0.059663213789463
0.027543077245355
0.014764903113246
0.403806954622269
0.247886702418327
-0.152305930852890
-0.261096447706223
-0.234190687537193
-0.049343429505825
2.186013460159302
-1.301002740859985
-0.109250731766224
0.022954458370805
0.004101336933672
-0.144701346755028
0.025577198714018
0.005258147139102
0.028270874172449
0.106929816305637
-0.071234166622162
0.029369594529271
0.086786083877087
0.005107685923576
-0.168119564652443
0.280537277460098
0.045032139867544
-0.053697969764471
0.014561525546014
0.180672168731689
0.025737309828401
-0.043601475656033
-0.034655060619116
0.092143967747688
-0.143140733242035
0.017017215490341
-0.169591203331947
0.024733824655414
0.253539770841599
0.043485928326845
0.016010701656342
0.037643153220415
0.114028923213482
-2.134096622467041
0.156566962599754
0.151133745908737
-0.068705394864082
0.038658875972033
0.205527693033218
-0.034540303051472
0.205263435840607
-0.044117860496044
-0.000139858442708
-0.006229368038476
-0.167094618082047
0.179361477494240
0.016572201624513
0.071397252380848
-0.046175841242075
-0.052134402096272
-0.009152947925031
0.054336033761501
0.002585474634543
0.275892138481140
-0.123213402926922
0.115771576762199
-0.129127785563469
-0.035759020596743
0.037205886095762
-0.057594742625952
0.151715904474258
-0.059188183397055
0.019880101084709
-0.135464683175087
0.047459200024605
0.064379386603832
0.201790571212769
0.175694942474365
0.061540871858597
-0.106625497341156
0.093697212636471
-0.068521320819855
0.194695517420769
-0.045183740556240
-0.172398850321770
0.035233043134212
0.024969192221761
0.132581651210785
0.210780918598175
-0.090045921504498
0.150434553623199
-0.009532204829156
-0.125650405883789
0.069051302969456
0.033592034131289
0.458404272794724
-0.023363977670670
0.005344207864255
-3.220747470855713
-0.047476746141911
-0.056717433035374
-0.039976950734854
0.006459077354521
0.071147203445435
0.181869342923164
0.097276262938976
0.016680054366589
-0.127335548400879
0.030396185815334
-0.157225191593170
0.108817756175995
0.083121657371521
-0.047564782202244
-0.000339413905749
-0.047890834510326
-0.184159010648727
0.130817055702209
0.091625563800335
0.613187074661255
0.221330553293228
0.011918014846742
0.120967209339142
-0.035240974277258
0.127602875232697
0.150893479585648
0.128653958439827
-0.087280549108982
-0.104404993355274
0.060556456446648
0.170582801103592
0.179706200957298
0.103658735752106
-0.086689762771130
0.155393868684769
0.032047808170319
-0.155783832073212
-0.091691762208939
-0.028688972815871
0.059772584587336
-0.114415183663368
0.021860769018531
-0.042743533849716
-0.002449936931953
0.026313012465835
0.170101225376129
0.003219321370125
-0.077090293169022
0.063387133181095
0.137597188353539
0.131720885634422
0.035245001316071
0.095110729336739
-0.080063566565514
0.531714022159576
0.049706097692251
0.036485541611910
0.082817144691944
0.238985762000084
0.018241886049509
-0.007758004590869
-0.008490660227835
-0.168322280049324
0.013118398375809
-0.295022040605545
0.397029191255569
3.005271673202515
0.157818645238876
0.018258661031723
0.370520710945129
-0.004598000552505
0.038594979792833
0.128799721598625
0.223585501313210
-0.015752440318465
0.127462819218636
-0.215044513344765
-0.060439147055149
-0.090713739395142
0.023902757093310
-0.009507309645414
0.119757175445557
0.117150940001011
-0.085311219096184
0.080261185765266
0.356113076210022
0.056174870580435
-0.070624813437462
0.161259710788727
-0.012886305339634
-0.079076454043388
-0.083438932895660
0.278890609741211
-0.102707847952843
0.199619486927986
0.036630045622587
-0.024315727874637
-0.062811084091663
-0.319789409637451
0.266132414340973
-0.209918797016144
-0.002097411546856
-0.077475175261497
-0.039889816194773
-0.057228922843933
-0.091491542756557
0.061798695474863
-0.241725102066994
-0.027269730344415
0.077664367854595
-0.106419637799263
-0.086889818310738
-0.096939712762833
-0.102639704942703
0.145514175295830
0.032748050987720
-0.154876396059990
-0.139483913779259
0.072854325175285
0.169262528419495
0.024634314700961
0.073855273425579
0.092793054878712
0.069529548287392
0.051881641149521
-0.019164633005857
-0.153904885053635
0.203574299812317
0.066142424941063
-0.004952996503562
-0.064596891403198
0.319713920354843
0.022455576807261
-0.077200315892696
0.131006255745888
0.079093553125858
-0.007110314443707
-0.257816016674042
-0.121420502662659
-0.259779959917068
0.088806740939617
-0.128962829709053
-0.026530986651778
0.103163741528988
0.076608583331108
0.280805468559265
0.056988462805748
0.224068865180016
-0.392225891351700
0.010973762720823
-0.003643924370408
-0.005793041083962
0.080826088786125
0.130583688616753
-0.042223349213600
0.001594101777300
0.051658533513546
-0.073248594999313
0.073796533048153
0.250263273715973
0.104392662644386
0.082602359354496
-0.018116317689419
0.078947275876999
-0.076372481882572
-0.066966861486435
-0.133519068360329
0.055839478969574
-0.038189087063074
0.089871667325497
0.117741838097572
0.188901975750923
0.089679054915905
0.174385502934456
-0.018948309123516
-0.001637598499656
0.011944648809731
0.004026429262012
-0.286982893943787
-0.082157827913761
-0.142484262585640
0.087691605091095
-0.043285265564919
0.129176437854767
0.021231740713120
-0.197669029235840
0.056204479187727
-0.068913906812668
0.056507937610149
0.044871944934130
0.126887857913971
-0.054046578705311
-0.061574343591928
0.010813364759088
0.170011401176453
-0.039050191640854
-0.005417833104730
-0.038645919412374
-0.146342918276787
0.019090078771114
-0.019622197374701
-0.002637084806338
0.042407929897308
-0.028870098292828
-0.103932678699493
0.207288742065430
-0.071259021759033
0.031592704355717
0.036742515861988
-0.015477629378438
0.080217614769936
0.033938314765692
0.092163473367691
0.066137284040451
0.138762176036835
-0.097920410335064
-0.286013603210449
0.011846694163978
-0.022849578410387
-2.112626314163208
0.119481183588505
-0.048904787749052
0.038943130522966
0.063521303236485
0.123176537454128
0.144630834460258
0.125407531857491
0.296740531921387
-0.020585885271430
-0.139951899647713
0.066778741776943
0.158422306180000
0.028048027306795
-0.024529667571187
-0.232848912477493
-0.017642002552748
0.182450130581856
-0.167223334312439
-0.029028469696641
-0.051748279482126
0.401929497718811
-0.008553051389754
0.091111913323402
0.023220928385854
-0.087314605712891
0.051589958369732
-0.056684941053391
0.378016233444214
-0.135992258787155
-0.095849268138409
-0.182671248912811
0.285217374563217
0.069538950920105
0.021830335259438
0.061429493129253
-0.126515358686447
-0.123612254858017
0.070476457476616
-0.002602752996609
0.180194586515427
0.228959649801254
0.032418467104435
-0.053725935518742
0.013150719925761
-0.255157858133316
0.007681926246732
-0.358620613813400
0.330970048904419
0.013321759179235
-0.000931721704546
-0.174477919936180
-0.063909098505974
0.018735306337476
0.051928449422121
-0.007828169502318
-0.036348491907120
0.017292641103268
0.016349265351892
0.006104272790253
0.050036080181599
0.083534456789494
0.217455014586449
0.138089001178741
-0.041803032159805
-0.016036413609982
0.058931473642588
0.101639650762081
0.025883581489325
0.141714915633202
-0.266000449657440
0.203545942902565
-0.110431768000126
0.219921514391899
-0.233104214072227
0.080444224178791
-0.010362279601395
0.028988322243094
-0.108970619738102
-0.137294366955757
0.025754358619452
-0.127215743064880
0.037060584872961
0.024705901741982
-0.036748163402081
0.050903476774693
-0.094621054828167
0.044874850660563
0.071011990308762
0.009986500255764
0.014765049330890
-0.006893097423017
0.065665721893311
0.056015908718109
0.196104764938354
0.024632459506392
-0.063860751688480
0.033701736479998
0.150773793458939
-0.053942784667015
-0.000351429858711
0.154003620147705
-0.122645899653435
0.087007522583008
0.022943036630750
0.127399712800980
-0.060273267328739
0.152915760874748
-0.002657476579770
0.161557063460350
-0.096110187470913
-0.177783846855164
0.050064165145159
-0.080237001180649
0.295218586921692
-0.139277398586273
0.000192437670194
0.105703093111515
-0.030580522492528
-0.000585986068472
-0.157525330781937
0.150082051753998
-0.075452856719494
0.130659446120262
0.018691394478083
-0.071484200656414
-0.084411792457104
0.063254199922085
0.037755876779556
-16.829053878784180
0.179118841886520
0.083569273352623
0.320828020572662
-0.085513785481453
0.051599651575089
0.104344673454762
-0.006774755660444
0.031029779464006
0.203886196017265
0.081873603165150
0.046282589435577
-0.114029668271542
-0.013672715984285
-0.321711003780365
0.134717687964439
0.085366882383823
-0.103005506098270
0.066772699356079
0.133843064308167
0.045776296406984
0.216941282153130
0.216279491782188
0.123810440301895
-0.043967992067337
0.203571245074272
0.002135504735634
0.230025827884674
0.032888121902943
0.000328482361510
0.031864590942860
-0.005170146003366
0.212927192449570
-0.075940139591694
0.036892071366310
-0.140898481011391
0.050909906625748
0.053770367056131
-0.011754467152059
0.349048733711243
0.025510577484965
-0.000246342766332
0.013078278861940
-0.006184768397361
-0.125021412968636
-0.049057476222515
0.169528424739838
-0.027405438944697
0.005563706159592
0.271544754505157
-0.384367227554321
0.030092086642981
-0.099411681294441
0.018405126407743
0.098390445113182
0.016830481588840
0.068042002618313
-0.243835747241974
0.033684726804495
0.172664046287537
-0.067797109484673
-0.088988833129406
0.099637255072594
-0.000675701710861
0.027001438662410
0.170838564634323
0.166799977421761
-0.083030492067337
0.054223809391260
-0.011436269618571
0.142668977379799
0.000840339635033
0.044246729463339
-0.050984319299459
0.195094123482704
-0.039652429521084
0.020009985193610
-0.119977898895741
0.347776591777802
-0.100002795457840
-0.260150909423828
0.004612507298589
-0.090822592377663
0.157309666275978
0.036817222833633
-0.101753957569599
0.098851405084133
0.012141694314778
0.269424110651016
0.037862189114094
0.078675113618374
-0.014137383550406
-0.123893864452839
0.148436695337296
0.120206937193871
0.083074390888214
-0.147465154528618
0.161643877625465
0.013753446750343
0.056008178740740
0.019208481535316
0.057847023010254
0.186553046107292
0.063882730901241
0.017130531370640
0.399373501539230
0.060434684157372
0.036151994019747
-0.027967955917120
-0.036336310207844
0.020226040855050
0.212739184498787
-0.102828435599804
0.131791129708290
0.091035634279251
-0.152090996503830
0.159175381064415
0.246764868497849
0.017207153141499
-0.030973486602306
0.031563684344292
0.023914301767945
-0.007034954149276
0.057627901434898
0.173477455973625
-0.081657700240612
0.038350563496351
0.082606256008148
-0.029982691630721
0.128400847315788
-0.079817026853561
-0.008216592483222
-0.250620335340500
-0.014606367796659
-0.006849227473140
-0.255899101495743
0.023234114050865
0.034627217799425
-0.024390785023570
0.035293292254210
0.381975531578064
0.171659409999847
-0.022973297163844
-0.842679142951965
-0.085527792572975
0.165846407413483
-0.373596370220184
0.013936657458544
0.186730250716209
0.020980030298233
0.114879526197910
-1.718023061752319
-0.119811832904816
1.132739424705505
-0.107342980802059
0.001372608356178
-0.054277814924717
0.007628384511918
0.115509413182735
-0.052726615220308
0.289931774139404
0.194440603256226
0.023361025378108
0.035824768245220
0.033597249537706
-0.026937330141664
0.222377404570580
-0.016116598621011
0.122375175356865
-0.028657974675298
-0.033596996217966
0.132617875933647
-0.113621912896633
-0.012317883782089
-0.276437342166901
0.184569761157036
0.000998078379780
0.507089436054230
0.101397730410099
0.217044159770012
